# id    x       y
1       15      882
2       931     536
3       410     997
4       756     122
5       271     863
6       648     710
7       98      55
8       852     940
9       532     604
10      369     118
11      615     268
12      462     847
13      742     391
14      307     542
15      196     739
16      883     82
17      521     953
18      637     23
19      341     657
20      57      431
21      990     214
22      433     351
23      784     768
24      122     964
25      556     179
26      91      678
27      864     453
28      279     311
29      610     918
30      348     75
31      734     629
32      28      525
33      970     801
34      439     923
35      186     145
36      675     332
37      523     487
38      812     52
39      139     292
40      958     598
41      484     69
42      361     910
43      705     201
44      225     611
45      798     559
46      65      205
47      904     734
48      501     774
49      331     462
50      589     29
51      256     978
52      744     930
53      410     233
54      110     350
55      849     306
56      578     528
57      297     183
58      951     879
59      670     475
60      153     842
61      891     159
62      417     578
63      699     850
64      364     409
65      84      768
66      936     406
67      545     329
68      227     38
69      783     650
70      509     869
71      342     34
72      927     973
73      603     402
74      172     501
75      836     207
76      456     694
77      298     760
78      642     963
79      101     104
80      913     635
81      564     742
82      388     287
83      218     927
84      719     98
85      479     428
86      262     596
87      861     820
88      546     24
89      199     255
90      947     494
91      622     555
92      332     841
93      52      618
94      774     338
95      441     153
96      140     407
97      875     269
98      516     516
99      283     448
100     606     119
